# name: debug
# type: sparse matrix
# nnz: 1800
# rows: 108
# columns: 108

1 1 0.987909141
2 1 0.0101699167
3 1 -0.108817475
4 1 5.4492346
5 1 -0.0183274853
6 1 99.2428264
7 1 -0.987909141
8 1 -0.0101699167
9 1 0.108817475
10 1 -5.4492346
11 1 0.0183274853
12 1 -99.2428264
1 2 0.0101699167
2 2 0.000104693034
3 2 -0.00112020894
4 2 0.0560965168
5 2 -0.000188670182
6 2 1.02164382
7 2 -0.0101699167
8 2 -0.000104693034
9 2 0.00112020894
10 2 -0.0560965168
11 2 0.000188670182
12 2 -1.02164382
1 3 -0.108817475
2 3 -0.00112020894
3 3 0.0119861658
4 3 -0.600229234
5 3 0.00201875919
6 3 -10.9315253
7 3 0.108817475
8 3 0.00112020894
9 3 -0.0119861658
10 3 0.600229234
11 3 -0.00201875919
12 3 10.9315253
1 4 5.4492346
2 4 0.0560965168
3 4 -0.600229234
4 4 0
5 4 0
6 4 0
7 4 -5.4492346
8 4 -0.0560965168
9 4 0.600229234
10 4 0
11 4 0
12 4 0
1 5 -0.0183274853
2 5 -0.000188670182
3 5 0.00201875919
4 5 0
5 5 0
6 5 0
7 5 0.0183274853
8 5 0.000188670182
9 5 -0.00201875919
10 5 0
11 5 0
12 5 0
1 6 99.2428264
2 6 1.02164382
3 6 -10.9315253
4 6 0
5 6 0
6 6 0
7 6 -99.2428264
8 6 -1.02164382
9 6 10.9315253
10 6 0
11 6 0
12 6 0
1 7 -0.987909141
2 7 -0.0101699167
3 7 0.108817475
4 7 -5.4492346
5 7 0.0183274853
6 7 -99.2428264
7 7 1.97698837
8 7 0.0243149594
9 7 -0.211780679
10 7 10.6069965
11 7 -0.37931393
12 7 198.558405
13 7 -0.989079233
14 7 -0.0141450427
15 7 0.102963204
16 7 -5.15776189
17 7 0.360986445
18 7 -99.3155785
1 8 -0.0101699167
2 8 -0.000104693034
3 8 0.00112020894
4 8 -0.0560965168
5 8 0.000188670182
6 8 -1.02164382
7 8 0.0243149594
8 8 0.000306984445
9 8 -0.00259270869
10 8 0.12985882
11 8 -0.00535121786
12 8 2.44197807
13 8 -0.0141450427
14 8 -0.000202291411
15 8 0.00147249975
16 8 -0.0737623032
17 8 0.00516254767
18 8 -1.42033424
1 9 0.108817475
2 9 0.00112020894
3 9 -0.0119861658
4 9 0.600229234
5 9 -0.00201875919
6 9 10.9315253
7 9 -0.211780679
8 9 -0.00259270869
9 9 0.0227046412
10 9 -1.13715254
11 9 0.0395974687
12 9 -21.2702826
13 9 0.102963204
14 9 0.00147249975
15 9 -0.0107184754
16 9 0.536923306
17 9 -0.0375787095
18 9 10.3387574
1 10 -5.4492346
2 10 -0.0560965168
3 10 0.600229234
4 10 0
5 10 0
6 10 0
7 10 10.6069965
8 10 0.12985882
9 10 -1.13715254
10 10 0
11 10 0
12 10 0
13 10 -5.15776189
14 10 -0.0737623032
15 10 0.536923306
16 10 0
17 10 0
18 10 0
1 11 0.0183274853
2 11 0.000188670182
3 11 -0.00201875919
4 11 0
5 11 0
6 11 0
7 11 -0.37931393
8 11 -0.00535121786
9 11 0.0395974687
10 11 0
11 11 0
12 11 0
13 11 0.360986445
14 11 0.00516254767
15 11 -0.0375787095
16 11 0
17 11 0
18 11 0
1 12 -99.2428264
2 12 -1.02164382
3 12 10.9315253
4 12 0
5 12 0
6 12 0
7 12 198.558405
8 12 2.44197807
9 12 -21.2702826
10 12 0
11 12 0
12 12 0
13 12 -99.3155785
14 12 -1.42033424
15 12 10.3387574
16 12 0
17 12 0
18 12 0
7 13 -0.989079233
8 13 -0.0141450427
9 13 0.102963204
10 13 -5.15776189
11 13 0.360986445
12 13 -99.3155785
13 13 1.9770133
14 13 0.0280703632
15 13 -0.211251839
16 13 10.5817116
17 13 -0.548567478
18 13 198.559794
19 13 -0.98793407
20 13 -0.0139253205
21 13 0.108288635
22 13 -5.42394975
23 13 0.187581033
24 13 -99.244215
7 14 -0.0141450427
8 14 -0.000202291411
9 14 0.00147249975
10 14 -0.0737623032
11 14 0.00516254767
12 14 -1.42033424
13 14 0.0280703632
14 14 0.000398574297
15 14 -0.00299887078
16 14 0.150215015
17 14 -0.00780657633
18 14 2.8192206
19 14 -0.0139253205
20 14 -0.000196282885
21 14 0.00152637103
22 14 -0.0764527114
23 14 0.00264402866
24 14 -1.39888636
7 15 0.102963204
8 15 0.00147249975
9 15 -0.0107184754
10 15 0.536923306
11 15 -0.0375787095
12 15 10.3387574
13 15 -0.211251839
14 15 -0.00299887078
15 15 0.0225881222
16 15 -1.13144892
17 15 0.0581396908
18 15 -21.2170345
19 15 0.108288635
20 15 0.00152637103
21 15 -0.0118696468
22 15 0.594525619
23 15 -0.0205609813
24 15 10.8782771
7 16 -5.15776189
8 16 -0.0737623032
9 16 0.536923306
10 16 0
11 16 0
12 16 0
13 16 10.5817116
14 16 0.150215015
15 16 -1.13144892
16 16 0
17 16 0
18 16 0
19 16 -5.42394975
20 16 -0.0764527114
21 16 0.594525619
22 16 0
23 16 0
24 16 0
7 17 0.360986445
8 17 0.00516254767
9 17 -0.0375787095
10 17 0
11 17 0
12 17 0
13 17 -0.548567478
14 17 -0.00780657633
15 17 0.0581396908
16 17 0
17 17 0
18 17 0
19 17 0.187581033
20 17 0.00264402866
21 17 -0.0205609813
22 17 0
23 17 0
24 17 0
7 18 -99.3155785
8 18 -1.42033424
9 18 10.3387574
10 18 0
11 18 0
12 18 0
13 18 198.559794
14 18 2.8192206
15 18 -21.2170345
16 18 0
17 18 0
18 18 0
19 18 -99.244215
20 18 -1.39888636
21 18 10.8782771
22 18 0
23 18 0
24 18 0
13 19 -0.98793407
14 19 -0.0139253205
15 19 0.108288635
16 19 -5.42394975
17 19 0.187581033
18 19 -99.244215
19 19 1.97589814
20 19 0.0271477107
21 19 -0.216530194
22 19 10.8459446
23 19 -0.449926934
24 19 198.490143
25 19 -0.98796407
26 19 -0.0132223903
27 19 0.108241559
28 19 -5.42199487
29 19 0.262345901
30 19 -99.2459279
13 20 -0.0139253205
14 20 -0.000196282885
15 20 0.00152637103
16 20 -0.0764527114
17 20 0.00264402866
18 20 -1.39888636
19 20 0.0271477107
20 20 0.000373244386
21 20 -0.002975019
22 20 0.149017832
23 20 -0.0061551279
24 20 2.72714154
25 20 -0.0132223903
26 20 -0.000176961501
27 20 0.00144864797
28 20 -0.072565121
29 20 0.00351109924
30 20 -1.32825518
13 21 0.108288635
14 21 0.00152637103
15 21 -0.0118696468
16 21 0.594525619
17 21 -0.0205609813
18 21 10.8782771
19 21 -0.216530194
20 21 -0.002975019
21 21 0.0237286157
22 21 -1.18856056
23 21 0.0493036556
24 21 -21.7516826
25 21 0.108241559
26 21 0.00144864797
27 21 -0.0118589689
28 21 0.594034943
29 21 -0.0287426743
30 21 10.8734056
13 22 -5.42394975
14 22 -0.0764527114
15 22 0.594525619
16 22 0
17 22 0
18 22 0
19 22 10.8459446
20 22 0.149017832
21 22 -1.18856056
22 22 0
23 22 0
24 22 0
25 22 -5.42199487
26 22 -0.072565121
27 22 0.594034943
28 22 0
29 22 0
30 22 0
13 23 0.187581033
14 23 0.00264402866
15 23 -0.0205609813
16 23 0
17 23 0
18 23 0
19 23 -0.449926934
20 23 -0.0061551279
21 23 0.0493036556
22 23 0
23 23 0
24 23 0
25 23 0.262345901
26 23 0.00351109924
27 23 -0.0287426743
28 23 0
29 23 0
30 23 0
13 24 -99.244215
14 24 -1.39888636
15 24 10.8782771
16 24 0
17 24 0
18 24 0
19 24 198.490143
20 24 2.72714154
21 24 -21.7516826
22 24 0
23 24 0
24 24 0
25 24 -99.2459279
26 24 -1.32825518
27 24 10.8734056
28 24 0
29 24 0
30 24 0
19 25 -0.98796407
20 25 -0.0132223903
21 25 0.108241559
22 25 -5.42199487
23 25 0.262345901
24 25 -99.2459279
25 25 1.97670201
26 25 0.0214250666
27 25 -0.213445834
28 25 10.6901886
29 25 -0.393568733
30 25 198.540668
31 25 -0.988737943
32 25 -0.00820267629
33 25 0.105204275
34 25 -5.26819376
35 25 0.131222831
36 25 -99.2947397
19 26 -0.0132223903
20 26 -0.000176961501
21 26 0.00144864797
22 26 -0.072565121
23 26 0.00351109924
24 26 -1.32825518
25 26 0.0214250666
26 26 0.000245011785
27 26 -0.00232143394
28 26 0.116270623
29 26 -0.00459973796
30 26 2.15201502
31 26 -0.00820267629
32 26 -6.80502845e-05
33 26 0.000872785977
34 26 -0.0437055019
35 26 0.00108863872
36 26 -0.823759837
19 27 0.108241559
20 27 0.00144864797
21 27 -0.0118589689
22 27 0.594034943
23 27 -0.0287426743
24 27 10.8734056
25 27 -0.213445834
26 27 -0.00232143394
27 27 0.0230529759
28 27 -1.15458439
29 27 0.042705123
30 27 -21.4386227
31 27 0.105204275
32 27 0.000872785977
33 27 -0.011194007
34 27 0.560549444
35 27 -0.0139624487
36 27 10.5652172
19 28 -5.42199487
20 28 -0.072565121
21 28 0.594034943
22 28 0
23 28 0
24 28 0
25 28 10.6901886
26 28 0.116270623
27 28 -1.15458439
28 28 0
29 28 0
30 28 0
31 28 -5.26819376
32 28 -0.0437055019
33 28 0.560549444
34 28 0
35 28 0
36 28 0
19 29 0.262345901
20 29 0.00351109924
21 29 -0.0287426743
22 29 0
23 29 0
24 29 0
25 29 -0.393568733
26 29 -0.00459973796
27 29 0.042705123
28 29 0
29 29 0
30 29 0
31 29 0.131222831
32 29 0.00108863872
33 29 -0.0139624487
34 29 0
35 29 0
36 29 0
19 30 -99.2459279
20 30 -1.32825518
21 30 10.8734056
22 30 0
23 30 0
24 30 0
25 30 198.540668
26 30 2.15201502
27 30 -21.4386227
28 30 0
29 30 0
30 30 0
31 30 -99.2947397
32 30 -0.823759837
33 30 10.5652172
34 30 0
35 30 0
36 30 0
25 31 -0.988737943
26 31 -0.00820267629
27 31 0.105204275
